local main = game.Players.LocalPlayer.Character.HumanoidRootPart
while wait() do
main.CFrame = CFrame.new(297.274323, 35.4669876, 51.2073708, -0.765433967, 5.55258488e-08, -0.643514454, 8.21714039e-08, 1, -1.14541878e-08, 0.643514454, -6.16459133e-08, -0.765433967)
wait(0.25)
main.CFrame = CFrame.new(296.889648, 35.46698, 43.4863472, 0.99999696, -7.73884956e-09, -0.00247281953, 7.84480481e-09, 1, 4.28380389e-08, 0.00247281953, -4.28573088e-08, 0.99999696)
wait(0.25)
main.CFrame = CFrame.new(292.165344, 35.4669762, 37.4704781, 0.97442013, -5.99126793e-08, -0.224734142, 5.98636092e-08, 1, -7.03219838e-09, 0.224734142, -6.60108102e-09, 0.97442013)
wait(0.25)
main.CFrame = CFrame.new(284.968475, 35.4669838, 36.1730156, 0.577175319, -4.26856346e-08, 0.816620231, -1.12660894e-08, 1, 6.02338019e-08, -0.816620231, -4.39655814e-08, 0.577175319)
wait(0.25)
main.CFrame = CFrame.new(278.759094, 35.4669762, 40.5799141, -0.838862777, -5.15358529e-08, 0.544342935, -4.66939305e-08, 1, 2.27173906e-08, -0.544342935, -6.36073816e-09, -0.838862777)
wait(0.25)
main.CFrame = CFrame.new(275.823608, 35.4669838, 46.9275284, -0.783948421, -9.48483105e-08, -0.620825946, -5.00568085e-08, 1, -8.95683527e-08, 0.620825946, -3.91404029e-08, -0.783948421)
wait(0.25)
main.CFrame = CFrame.new(278.499908, 35.46698, 53.9969406, -0.987681627, -6.08080626e-08, -0.15647693, -6.39721875e-08, 1, 1.51849022e-08, 0.15647693, 2.50080188e-08, -0.987681627)
wait(0.25)
main.CFrame = CFrame.new(285.155304, 35.4669876, 58.1817551, -0.165878564, -3.69711231e-08, -0.986146212, -8.32994651e-09, 1, -3.60893395e-08, 0.986146212, 2.22809704e-09, -0.165878564)
wait(0.25)
main.CFrame = CFrame.new(292.556641, 35.4669952, 56.9352417, -0.271071136, 6.34426423e-09, -0.962559342, 1.94273686e-09, 1, 6.04393335e-09, 0.962559342, -2.31663494e-10, -0.271071136)
wait()
end